%YAML:1.0
---
cameraMatrix: !!opencv-matrix
   rows: 3
   cols: 3
   dt: d
   data: [ 5.2857777416892611e+02, 0., 3.2530958919516377e+02, 0.,
       5.2353564725169861e+02, 2.2748795076162327e+02, 0., 0., 1. ]
imageSize_width: 640
imageSize_height: 480
sensorSize_width: 0
sensorSize_height: 0
distCoeffs: !!opencv-matrix
   rows: 5
   cols: 1
   dt: d
   data: [ -4.1824865080451024e-01, 1.7616075576971210e-01,
       1.0100835019456729e-02, 5.6147320900948794e-03,
       8.3972692083899604e-03 ]
reprojectionError: 4.1282397508621216e-01
features:
   - [ 3.55712952e+02, 4.14637268e+02, 3.30813904e+02, 4.10135712e+02,
       3.04543121e+02, 4.05291962e+02, 2.77649292e+02, 3.99615509e+02,
       2.49692719e+02, 3.93558319e+02, 2.21415878e+02, 3.86700653e+02,
       1.92501190e+02, 3.79609650e+02, 1.63371613e+02, 3.71666534e+02,
       1.34377670e+02, 3.63521820e+02, 1.05497459e+02, 3.54593750e+02,
       3.56563263e+02, 3.89123108e+02, 3.31754028e+02, 3.84313995e+02,
       3.06365936e+02, 3.78630829e+02, 2.79658508e+02, 3.72900360e+02,
       2.52539871e+02, 3.66473419e+02, 2.24548920e+02, 3.59734528e+02,
       1.96501770e+02, 3.52431610e+02, 1.68125946e+02, 3.44671692e+02,
       1.39703491e+02, 3.36297241e+02, 1.11823692e+02, 3.27667664e+02,
       3.57439850e+02, 3.64321533e+02, 3.33307007e+02, 3.58793213e+02,
       3.08123352e+02, 3.53294067e+02, 2.82030182e+02, 3.46923035e+02,
       2.55328323e+02, 3.40581360e+02, 2.27907593e+02, 3.33689087e+02,
       2.00528992e+02, 3.26511688e+02, 1.72942642e+02, 3.18589539e+02,
       1.45441849e+02, 3.10579926e+02, 1.18253197e+02, 3.01894318e+02,
       3.57507782e+02, 3.40494843e+02, 3.33935699e+02, 3.34728943e+02,
       3.09218414e+02, 3.28922546e+02, 2.83614532e+02, 3.22750946e+02,
       2.57576660e+02, 3.16105316e+02, 2.31241058e+02, 3.09196564e+02,
       2.04554398e+02, 3.01703979e+02, 1.77742172e+02, 2.94067902e+02,
       1.51136993e+02, 2.85868713e+02, 1.24710846e+02, 2.77499237e+02,
       3.56810181e+02, 3.18477356e+02, 3.33683380e+02, 3.12485138e+02,
       3.10172455e+02, 3.06156342e+02, 2.85392365e+02, 2.99573608e+02,
       2.60210724e+02, 2.92825439e+02, 2.34406021e+02, 2.85672638e+02,
       2.08651016e+02, 2.78333649e+02, 1.82616592e+02, 2.70540283e+02,
       1.56990875e+02, 2.62607605e+02, 1.31205200e+02, 2.54184662e+02,
       3.55849884e+02, 2.97639832e+02, 3.33606201e+02, 2.91399231e+02,
       3.10622437e+02, 2.84610565e+02, 2.86838318e+02, 2.77735046e+02,
       2.62475555e+02, 2.70739990e+02, 2.37601822e+02, 2.63692749e+02,
       2.12615921e+02, 2.56226715e+02, 1.87584152e+02, 2.48345978e+02,
       1.62503448e+02, 2.40446060e+02, 1.37734421e+02, 2.32350494e+02,
       3.55159851e+02, 2.78001862e+02, 3.33554810e+02, 2.71287781e+02,
       3.11293579e+02, 2.64463043e+02, 2.88359467e+02, 2.57432770e+02,
       2.64958923e+02, 2.49873184e+02, 2.40739929e+02, 2.42669418e+02,
       2.16960312e+02, 2.34959930e+02, 1.92433228e+02, 2.27494522e+02,
       1.68283569e+02, 2.19623978e+02, 1.43988007e+02, 2.11658600e+02 ]
   - [ 4.67663391e+02, 4.09541077e+02, 4.42952667e+02, 4.08144653e+02,
       4.17075897e+02, 4.06510132e+02, 3.90200623e+02, 4.04389191e+02,
       3.61923859e+02, 4.01926666e+02, 3.33305511e+02, 3.98803772e+02,
       3.03585175e+02, 3.95444183e+02, 2.73625580e+02, 3.91365295e+02,
       2.43564453e+02, 3.86870117e+02, 2.13349625e+02, 3.81888794e+02,
       4.66131836e+02, 3.84292999e+02, 4.41593201e+02, 3.82529083e+02,
       4.16323517e+02, 3.80268707e+02, 3.89526489e+02, 3.77863281e+02,
       3.62116547e+02, 3.74931519e+02, 3.33579315e+02, 3.71786560e+02,
       3.04867615e+02, 3.68185364e+02, 2.75577576e+02, 3.64266754e+02,
       2.46170120e+02, 3.59661621e+02, 2.16745850e+02, 3.54635773e+02,
       4.64329285e+02, 3.59472870e+02, 4.40412659e+02, 3.57325226e+02,
       4.15329041e+02, 3.54804138e+02, 3.89219971e+02, 3.52132690e+02,
       3.61993195e+02, 3.49171326e+02, 3.34361267e+02, 3.45802429e+02,
       3.06251495e+02, 3.42288574e+02, 2.77581329e+02, 3.37961700e+02,
       2.48866562e+02, 3.33587677e+02, 2.20335266e+02, 3.28663208e+02,
       4.62003265e+02, 3.36073517e+02, 4.38559723e+02, 3.33416931e+02,
       4.13566101e+02, 3.30755035e+02, 3.88016968e+02, 3.27911957e+02,
       3.61598083e+02, 3.24692932e+02, 3.34596283e+02, 3.21256683e+02,
       3.07291626e+02, 3.17519012e+02, 2.79526428e+02, 3.13266388e+02,
       2.51621521e+02, 3.08737000e+02, 2.23867065e+02, 3.03792175e+02,
       4.58846710e+02, 3.14375854e+02, 4.35726624e+02, 3.11490295e+02,
       4.11969391e+02, 3.08079376e+02, 3.87158020e+02, 3.04793701e+02,
       3.61369232e+02, 3.01512756e+02, 3.35125854e+02, 2.97666809e+02,
       3.08457672e+02, 2.93834045e+02, 2.81493866e+02, 2.89583984e+02,
       2.54462280e+02, 2.84926208e+02, 2.27411301e+02, 2.80058502e+02,
       4.55533691e+02, 2.93977936e+02, 4.33368927e+02, 2.90503540e+02,
       4.09866089e+02, 2.86796967e+02, 3.85892609e+02, 2.83165344e+02,
       3.60761963e+02, 2.79478821e+02, 3.35410889e+02, 2.75607697e+02,
       3.09666870e+02, 2.71522369e+02, 2.83492523e+02, 2.67031769e+02,
       2.57275818e+02, 2.62499573e+02, 2.31095322e+02, 2.57729950e+02,
       4.52435608e+02, 2.74474243e+02, 4.30542999e+02, 2.70629425e+02,
       4.07935577e+02, 2.66804749e+02, 3.84491760e+02, 2.62785400e+02,
       3.60592407e+02, 2.58514862e+02, 3.35724243e+02, 2.54515533e+02,
       3.10884125e+02, 2.49959183e+02, 2.85477936e+02, 2.45853699e+02,
       2.60087860e+02, 2.41323181e+02, 2.34521881e+02, 2.36759125e+02 ]
   - [ 4.67669830e+02, 4.09543182e+02, 4.42971161e+02, 4.08223450e+02,
       4.17067780e+02, 4.06520386e+02, 3.90200378e+02, 4.04396942e+02,
       3.61925812e+02, 4.01942688e+02, 3.33312225e+02, 3.98828278e+02,
       3.03577942e+02, 3.95437622e+02, 2.73626221e+02, 3.91378021e+02,
       2.43580795e+02, 3.86872345e+02, 2.13345215e+02, 3.81900360e+02,
       4.66190521e+02, 3.84295044e+02, 4.41596893e+02, 3.82553162e+02,
       4.16334198e+02, 3.80276550e+02, 3.89531036e+02, 3.77859039e+02,
       3.62192169e+02, 3.74962219e+02, 3.33543793e+02, 3.71823639e+02,
       3.04894989e+02, 3.68220825e+02, 2.75570618e+02, 3.64252472e+02,
       2.46193115e+02, 3.59644836e+02, 2.16740463e+02, 3.54641876e+02,
       4.64324432e+02, 3.59476532e+02, 4.40445404e+02, 3.57332794e+02,
       4.15348267e+02, 3.54825928e+02, 3.89222504e+02, 3.52133240e+02,
       3.62070251e+02, 3.49208038e+02, 3.34366058e+02, 3.45832916e+02,
       3.06280823e+02, 3.42289978e+02, 2.77612854e+02, 3.38015137e+02,
       2.48864716e+02, 3.33590118e+02, 2.20348999e+02, 3.28650970e+02,
       4.61971130e+02, 3.36129272e+02, 4.38547424e+02, 3.33424377e+02,
       4.13573730e+02, 3.30740509e+02, 3.88069916e+02, 3.27931396e+02,
       3.61614502e+02, 3.24700653e+02, 3.34600800e+02, 3.21283356e+02,
       3.07297852e+02, 3.17514282e+02, 2.79529053e+02, 3.13284363e+02,
       2.51619904e+02, 3.08752655e+02, 2.23926636e+02, 3.03823883e+02,
       4.58881622e+02, 3.14412964e+02, 4.35753052e+02, 3.11508881e+02,
       4.11976624e+02, 3.08116425e+02, 3.87175629e+02, 3.04815582e+02,
       3.61402496e+02, 3.01509735e+02, 3.35141815e+02, 2.97658813e+02,
       3.08493256e+02, 2.93864777e+02, 2.81500000e+02, 2.89614807e+02,
       2.54470703e+02, 2.84916443e+02, 2.27439011e+02, 2.80060272e+02,
       4.55544617e+02, 2.93992493e+02, 4.33370850e+02, 2.90533875e+02,
       4.09912109e+02, 2.86852509e+02, 3.85874176e+02, 2.83171448e+02,
       3.60747925e+02, 2.79490692e+02, 3.35425568e+02, 2.75639648e+02,
       3.09667603e+02, 2.71533386e+02, 2.83485901e+02, 2.67018433e+02,
       2.57292847e+02, 2.62503052e+02, 2.31114075e+02, 2.57751709e+02,
       4.52456085e+02, 2.74507080e+02, 4.30532990e+02, 2.70617401e+02,
       4.07960083e+02, 2.66837860e+02, 3.84479034e+02, 2.62823700e+02,
       3.60581848e+02, 2.58507629e+02, 3.35733887e+02, 2.54533081e+02,
       3.10926331e+02, 2.49942154e+02, 2.85477905e+02, 2.45856369e+02,
